0 1 0 2 0 3 0 20
1 1 1 4 1 20
2 1 2 4 2 6 2 8 2 9 2 11 2 12 2 14 2 16 2 17 2 18 2 20 2 22 2 24 2 25 2 26 2 28 2 29 2 30
3 1 3 4 3 8 3 11 3 16 3 18 3 20 3 24 3 26 3 28 3 30
4 1 4 4 4 6 4 8 4 9 4 11 4 14 4 16 4 18 4 20 4 22 4 24 4 26 4 28 4 29 4 30
5 1 5 4 5 6 5 9 5 11 5 14 5 16 5 17 5 18 5 20 5 22 5 24 5 26 5 28
6 1 6 2 6 3 6 6 6 8 6 9 6 11 6 12 6 14 6 16 6 20 6 22 6 24 6 26 6 28 6 29 6 30
7 16
8 1 8 16 8 31
9 2 9 3 9 4 9 5 9 6 9 7 9 8 9 9 9 10 9 11 9 12 9 13 9 14 9 15 9 16 9 17 9 18 9 19 9 20 9 21 9 22 9 23 9 24 9 25 9 26 9 27 9 28 9 29 9 30
10 1 10 31
11 1 11 31
12 1 12 31
13 1 13 31
14 2 14 3 14 4 14 5 14 6 14 7 14 8 14 9 14 10 14 11 14 12 14 13 14 14 14 15 14 16 14 17 14 18 14 19 14 20 14 21 14 22 14 23 14 24 14 25 14 26 14 27 14 28 14 29 14 30
