1 8 1 9 1 11 1 12 1 25
2 8 2 10 2 12 2 15 2 16 2 20 2 21 2 22 2 25
3 8 3 10 3 12 3 14 3 17 3 22 3 25
4 8 4 10 4 12 4 14 4 15 4 16 4 17
4 19 4 20 4 21 4 22 4 25
5 8 5 10 5 12 5 14 5 19 5 22 5 25
6 8 6 10 6 12 6 15 6 16 6 17 6 20
6 21 6 23 6 25
8 9 8 10 8 28
9 8 9 11 9 28
10 8 10 13 10 14 10 15 10 16 10 19 10 20 10 21 10 24 10 25 10 28
11 9 11 10 11 13 11 16 11 21 11 23 11 26 11 28 11 30
12 11 12 13 12 16 12 18 12 19 12 20 12 21 12 23 12 28 12 29
13 8 13 11 13 13 13 16 13 18 13 21 13 23 13 26 13 28 13 30
14 9 14 10 14 13 14 16 14 19 14 20 14 22 14 24 14 25 14 28 14 30
